36201
36265
35160
36251
35128
35904
36278
30125
35146
30116
30117
35004
35962
30179
30217
35957
30153
30180
35173
35980
35010
35097
35049
35235
30161
30164
35206
35968
35976
30132
35242
35213
35051
35243
30263
30135
30264
36850
30134
30271
35201
35236
35266
35071
35019
35209
35244
35016
30747
35180
35079
35087
35226
30268
30265
35124
30127
35747
35080
30120
35007
30101
30290
35765
35055
30152
30102
30144
30269
30060
30082
35023
30007
35085
30008
36803
30349
36832
30171
35179
36830
30701
35045
30344
30339
30066
30214
30318
30314
30189
30188
30062
30068
31811
30358
30325
30343
31139
30305
35748
36092
30328
30236
30238
30206
30316
30307
30333
35802
30359
30115
31141
35741
30077
30030
30350
30338
30033
30341
30345
35801
30002
35805
30076
35815
30021
35768
35806
30719
30035
30004
31807
30281
30005
30009
30023
36110
30083
35758
36867
30755
30223
36067
30107
30010
36117
35042
35603
30093
30705
37380
31908
30087
35601
36106
30143
30736
30048
30047
31907
30253
30096
35742
31829
37412
30257
37347
37404
35773
37424
36875
35671
37421
30012
30094
30028
30040
37405
30039
30204
30540
30044
30046
30045
35611
37415
35406
30518
30519
37363
30233
37398
37343
35401
35476
30052
35473
30534
30054
30016
30014
30019
37334
36701
31029
30566
37352
37320
37384
37311
35446
30513
37312
30025
30655
30656
31064
30533
30680
30501
37388
30507
30641
30543
37355
36027
36081
38478
31210
30549
30514
30512
30622
37160
37162
30650
35674
31030
35662
35481
35630
37357
31220
30677
31208
30606
31201
37091
30571
30604
30602
37303
30605
38464
30531
28902
36732
31069
31095
37034
37037
28904
28905
37149
30633
30628
30523
30642
39702
30667
31742
31061
37354
37880
39703
37874
38401
36360
37060
30648
30577
37130
37128
38825
38821
37129
37166
37846
30525
37027
36345
36330
38485
30557
37179
38583
37059
38571
38555
38558
38462
39862
37774
37854
39773
31014
37742
37135
31763
37964
36420
37069
37068
37067
37064
29693
37033
30643
30821
38544
31706
31708
37748
36312
37013
38824
38503
38502
30673
38801
39762
38501
38506
37098
37829
37211
39760
39759
37217
29678
38372
37087
37802
28713
36451
37215
37204
37922
37122
38834
37840
37205
37214
31023
37121
37076
37203
29676
37887
37229
28717
31021
37224
37206
31075
37923
31791
37143
37216
37830
37726
37919
28723
32440
37115
28779
29622
37075
37077
29621
37920
37187
37189
37074
37930
39301
37055
37933
28747
37072
37070
39303
38374
36426
37066
37716
37917
29671
38652
37918
38663
38864
29697
37862
32425
29642
29669
30802
29640
37083
37705
30814
29835
37146
31793
37035
37048
32428
38351
28712
28786
32435
32433
37756
38549
32539
28768
30428
37172
31768
28721
39819
30809
29601
37807
29617
29609
29606
29649
29607
38320
30401
42602
39827
37760
29681
30909
38008
37043
29687
30906
30919
42134
37040
29645
37877
32439
38301
28715
29860
37191
30830
32352
31757
38655
29861
37042
28792
31539
28732
38305
28748
38635
38965
31639
37079
37813
32583
32424
28803
39051
38075
37058
29851
32547
29829
28804
32550
32533
28753
28782
32459
32541
28805
29325
32548
42276
32549
42141
32569
37708
29322
38201
38358
28722
30439
31632
32566
32514
29803
42102
29376
38343
37891
32317
32534
29801
32312
39422
40965
32303
38066
29303
32308
32444
29316
29304
32526
32304
28711
38611
32505
32524
32501
36527
37744
37743
32404
31602
38251
29323
42240
38027
32402
29108
32337
38017
32311
29372
40701
36526
31601
36601
38230
24248
36580
36604
30459
38225
30458
40906
42210
36618
42502
37857
37641
30417
28139
38668
36608
29070
36605
42071
28762
36532
29164
36685
38138
38654
42261
38018
38088
38618
42765
28714
38002
39452
38119
28018
36561
36564
38133
36555
38930
32327
36619
38651
38120
28752
38632
42719
29812
38118
38134
37650
38011
38135
38019
38671
38111
38122
38637
29072
38621
31503
38112
31501
29071
36547
42464
39401
28777
38053
38104
38024
42330
28705
37601
29063
29827
42025
28152
38127
38103
38173
38177
36541
37604
42754
32456
39157
42445
37602
29212
42038
29170
31546
29053
31598
31321
37660
42347
28657
42431
38676
39073
29706
39205
39236
31313
28655
39213
29201
39201
29250
29202
29180
29211
29726
37643
28680
37686
72364
29003
29205
39204
39209
32328
29745
37617
40143
29209
31326
24258
24219
29223
31329
31553
40422
29710
39553
38079
72315
29118
72342
29116
39564
40444
40403
29731
29730
37620
28054
40107
40144
42064
38732
42001
28645
28034
24203
28092
42409
40004
40175
42701
42348
99716
99707
99709
99654
99687
99567
99524
99503
99507
99518
99516
99502
99635
99664
99603
99827
99559
99615
99801
99803
98230
98248
98245
98250
98227
98226
98225
98228
98221
98232
98363
98233
98292
98273
98277
98382
98239
98368
98282
98287
98223
98260
98236
98201
98258
98087
98026
98037
98020
98383
98012
98021
98133
98110
98569
98310
98041
98117
98011
98125
98165
98272
98072
98337
98115
98034
98367
98119
98294
98033
98121
98104
98122
98116
98073
98144
98524
98005
98595
98106
98053
98359
98584
98014
98070
98062
98332
98541
98027
98188
98335
98198
98058
98032
98052
98065
98023
98042
98464
98418
98092
98038
98840
98506
98448
98502
98507
98516
98496
98501
98503
98444
99166
98372
98375
98390
98640
98374
98321
98576
98558
98532
98815
98826
97146
98596
98941
99114
98807
98632
99109
97016
98626
97138
98926
98848
97064
83805
97051
97141
98837
98601
99006
83856
98902
83852
98901
98604
98908
97106
98903
98663
97124
98661
98662
59917
99218
98687
97123
98682
97229
59935
98684
97211
99217
97210
99224
97007
99205
97225
97298
97293
97292
97294
97005
99202
97221
97213
97239
97220
97214
99212
97223
97202
97111
98671
99344
97206
99216
83858
97266
99037
97060
97030
97132
97140
59923
97034
97062
97128
83877
83854
97378
97015
97070
98944
97045
83814
97031
97004
97365
97303
99350
97058
97381
99320
97302
99353
97301
98673
97306
99301
83837
99336
99302
83861
97370
97321
97322
59873
97838
97439
83843
97386
97448
97404
97402
97401
97408
59427
97801
97467
97475
97405
83501
59860
99362
97741
97426
83544
97420
59474
97462
97760
97756
59422
97754
97702
97701
97471
59808
97444
97814
59501
59840
59523
59442
59404
59405
97526
97537
97527
97415
97502
97501
83638
97535
97530
59601
95531
59524
97601
59701
83467
96097
83617
59721
96064
83607
95519
83616
83680
83652
83642
83704
83226
83714
95503
83707
83711
59741
83706
96067
59715
96093
96101
96056
96019
59072
96003
96099
96001
96073
83333
96007
96022
96088
58801
59102
96080
59101
83425
59068
95437
96021
96130
83316
83440
95490
95973
83402
95928
95969
95470
83401
83403
83405
83404
95967
95971
95482
83221
83422
89445
95965
82414
95453
95987
96122
83202
95445
83205
95948
83204
95932
95422
83002
95457
95918
58702
95993
95991
89506
95961
95945
95448
89436
95949
89512
89431
95492
95462
89502
94515
96161
83127
95736
95403
95401
95648
95404
95602
89408
82801
95402
95473
95668
94574
95405
94922
95695
95604
95776
58601
95603
89451
95658
95635
89450
94952
89704
94928
89801
95677
94951
95746
95747
95694
95660
95842
95616
95834
95838
95617
95841
89706
95618
94954
89703
95662
89702
95798
94955
94953
95866
95813
94558
95630
95608
89701
95825
95762
95816
89406
95818
95819
95672
94559
95817
95688
95827
95696
95682
95687
95823
95828
94945
94534
94948
83254
94533
96150
89423
58324
95758
94949
95757
94933
94589
82941
94903
94590
95684
94591
95693
89410
82834
58653
94510
89447
94806
94941
94801
95638
95641
94805
94920
94804
94553
94530
94520
94522
94524
94565
94707
94523
94710
94518
94702
84323
84321
94531
94509
94549
94121
94598
94596
94608
94662
94609
94104
95242
94561
84338
94141
95241
94103
94611
94607
95240
94116
94604
94110
94127
94132
94602
94548
94112
94124
94601
94513
94501
95209
94621
94605
84302
95212
94080
94083
83123
94577
95249
94582
84340
94578
94546
95215
82501
95206
94568
58554
94010
94544
94588
94403
94566
94550
58504
94019
95208
94070
84404
95376
94536
95337
94063
94061
84412
94062
94538
94026
94303
94309
94302
95320
94305
83116
95370
94306
89415
95327
94041
95361
95035
94040
94089
94085
84041
94086
82520
94020
95350
95355
95054
95056
95050
84037
95014
95354
95357
95112
95129
95158
95154
95155
95150
95128
95009
95011
95008
95307
95124
95111
95118
84014
95033
95363
95123
84010
95380
95382
84116
84044
95018
84165
84171
84158
84120
84105
84115
95038
95360
57783
84108
84106
84123
95067
95063
95061
84109
84157
95062
84084
85080
85064
85067
85048
85069
85085
85082
85006
85034
85009
85013
85041
85016
85017
85031
85053
85050
85021
85301
85051
85318
85312
85311
85044
85282
85251
85287
85028
85283
85029
85353
85269
85267
85261
85284
85202
85258
85022
85249
85032
85023
85201
85254
85210
85381
85214
85212
85277
85308
85024
85307
85224
85203
85338
85259
85340
85244
85335
85233
85234
85299
85296
85310
85225
85374
85326
85255
85206
85262
85205
85295
85331
85268
85208
85242
85387
85142
85027
85087
85119
85086
85230
85194
85354
85541
86333
85501
86332
86304
86303
86314
86301
85658
86326
86325
86323
85743
85710
85737
85741
85704
85705
85745
85701
85716
85713
85712
85740
85751
85733
85731
85732
85711
85749
86001
86018
85614
85622
85901
85929
85344
85552
85602
86403
86404
85365
92225
85625
86413
86409
85636
85638
85635
85621
86442
86401
86045
85603
92243
88045
88062
86503
92201
89012
89015
92004
89011
89009
86040
89019
89052
89183
92260
92211
92276
92252
84741
89123
89122
89119
89143
89145
89139
92284
92234
89104
89169
89118
92285
92286
89113
89101
89193
89135
89103
89032
92264
89024
89027
92561
92263
89128
84763
89130
89134
89136
89129
92539
89146
89147
84737
84790
89131
84780
84745
92549
91980
84738
92583
87942
92065
87901
91935
92314
92582
92021
92356
91978
92592
92022
92072
92082
92020
92320
92399
91977
92596
92064
91979
92025
91942
92128
92591
91941
91902
92556
92585
91908
92589
89048
92359
91910
92173
91911
92105
92079
92069
92586
92154
92374
92003
92373
92116
92564
92102
92375
92108
92532
92028
84721
92084
92553
92557
92067
91933
92111
91932
92171
92142
92160
92193
92172
92198
92177
92587
92081
92352
92103
92307
84720
92117
92118
92595
87801
92011
92110
92009
92013
92024
92404
92007
92408
92345
92344
92068
92106
92023
92508
92324
92055
92054
92506
84761
92058
92051
92393
92504
92503
92407
91752
87002
88005
92860
88004
92883
92879
92881
92688
92679
88001
92674
92672
87031
91730
91729
91701
91761
92673
92692
87042
92675
92624
92691
92329
92690
91784
92609
92630
92629
91786
91710
92653
92677
87121
87418
92604
92618
92637
91763
91709
87105
87120
92808
92620
92651
91766
87190
87191
87199
87196
87154
87184
87197
87102
92705
91750
92886
87114
92780
92619
87106
87124
92867
92782
91773
92866
87108
92865
87048
92863
92625
92871
87110
81321
92707
92660
79821
91789
92706
91724
92822
92627
92805
91723
91748
92803
87112
92663
92658
92832
93535
92708
92728
90632
92801
90631
87144
92833
92646
92804
79912
91745
92683
91706
90621
92648
90622
92684
90620
90638
91017
91016
87036
90623
90608
93543
87025
79938
93523
91733
91066
90720
90740
91025
87059
90660
79905
90815
91776
90707
90803
90241
90814
90712
90242
93552
90723
91101
91102
91109
91001
90807
90201
90805
90802
90809
90813
91105
90032
81302
93590
90255
93555
90094
90031
91011
91012
81301
88310
90013
81137
91207
87041
90039
90026
93510
90734
90731
90248
90710
90247
90007
90732
90027
90717
90047
91201
93536
87035
90004
90504
90018
91502
91510
91506
90250
90019
91504
90301
90016
90036
90274
90278
91505
81122
90277
90275
90046
90048
91602
90254
90211
90035
90045
90069
90266
91603
90231
91352
90230
90034
90245
90213
90209
90212
91604
91607
90210
90067
91605
90064
90066
90293
87010
90024
91423
90025
90292
90291
88345
91413
91342
91405
91409
91402
90405
87507
90404
91403
90049
87544
91392
91345
90403
90401
91351
91436
93532
91406
91387
91416
91350
91316
91344
90272
91325
91394
91321
91326
91306
91355
91364
91303
91311
91307
91302
84532
87501
91384
87532
90265
81147
91301
93561
81424
93065
91362
91359
93205
91360
93021
91320
93011
93010
87571
93060
81432
93035
93306
93390
93023
93301
93380
93001
93002
81401
93308
93312
87556
81416
93263
81501
81415
93280
93247
81413
93130
93160
93105
93221
81101
93111
93118
93292
93274
93277
87729
84660
93441
87740
81224
93427
84021
93230
93631
84005
93648
93657
93245
81650
93436
84066
93455
93725
84096
93458
93612
93729
84095
93706
81647
88401
81623
81612
81648
93728
84093
93720
93705
84047
81601
81211
93722
84107
84068
84098
81082
84117
72132
72011
72206
72022
71742
72203
72260
72210
72116
72207
72211
72019
72078
72076
72113
72023
72104
72176
72033
71903
72032
71909
72034
71701
71901
72111
72143
72110
72006
72543
72335
72853
72802
72396
71241
72503
72560
71203
71211
72830
71270
71273
71822
72958
72556
71837
75503
75505
71953
75501
72401
72512
72687
39182
71006
39180
72653
71418
72917
72776
71111
72450
72601
71135
71101
71104
74728
71103
72956
72661
72904
75574
74953
72740
71483
71033
72702
72701
72704
75638
72730
72632
75670
65672
74948
75426
74944
72764
65616
71457
72762
39059
65740
74960
75455
72757
72758
65747
65438
72712
75660
72719
72761
65772
75608
75606
75605
75602
75644
72734
75604
72714
65689
72722
74451
71361
71306
71301
65737
65633
71302
65652
74338
75460
75662
65714
64856
63841
65705
65605
65810
65804
63957
65807
75765
74403
39654
74402
74401
65711
65801
75483
75482
65803
64844
71327
74477
64850
71446
74344
74467
74337
75711
75713
74340
64865
75428
64859
75704
74362
65617
70775
74429
75964
74036
75422
70748
75472
71463
64836
63764
65536
75757
64801
75418
75453
74354
74014
70634
75754
65613
75117
75402
74008
65584
74018
74017
74015
65649
74033
70791
74108
70456
74447
74137
63701
74145
75902
75903
75474
63755
75901
75904
75135
75458
74136
75951
74037
70714
75491
74859
74112
65402
65401
65452
74114
70422
74115
74055
74104
64759
74120
74110
75442
74107
75021
74147
74170
74152
74066
74021
75751
70767
75801
74063
74126
70814
75189
70726
65020
70835
70898
70785
74039
70806
63628
75160
75090
74820
66762
75161
62941
75092
70816
70808
65052
70711
70809
70520
70820
70401
70817
75032
75147
70810
75148
62906
75087
70517
73446
75142
75143
70403
62960
74818
70437
75098
75069
65441
75071
70764
75126
70578
70598
70505
70454
75088
70506
75070
75002
75030
70527
65355
65038
74864
75013
75158
64776
75182
74006
75040
70508
70433
70435
75043
75074
67357
64772
75026
75086
65062
75041
62233
63080
75181
75025
76273
75042
75150
75023
75159
74003
75081
75075
73086
70602
70607
75034
75180
75083
75085
75253
75080
75228
75238
75218
62966
75035
75243
75093
75227
75033
75252
39466
63060
75248
74801
75214
76258
74020
39470
63077
70470
75287
63019
63050
75206
75225
75056
73030
75360
70562
75205
70560
74804
76227
75209
63048
75219
75313
75355
75201
67301
75006
75229
70445
70510
75370
75234
75011
75068
75220
70452
75207
74023
63084
76240
65078
77351
62278
75151
75146
75212
63012
64742
75077
75110
75029
75065
75057
62286
75039
75019
70068
76210
75067
63051
75014
65102
65110
77632
75061
76205
70458
75038
75154
76201
70469
63069
75028
75116
76203
64735
75831
76266
63090
75022
62832
63049
75053
76099
75050
76226
73045
63025
75104
76051
75165
77670
39525
66720
63151
76039
73054
73051
74857
70065
63129
63026
75052
62236
77331
65360
76040
77703
76034
76011
76021
70003
39503
73020
65063
77726
77704
73068
76262
76001
76094
76065
70124
77706
70005
63125
70001
76054
76012
63126
70004
70009
76018
66751
73071
70123
76053
63011
65332
76667
76013
70301
63122
74074
70119
76247
76244
76180
63119
76248
63131
76118
70187
70175
63109
73070
77627
76148
76017
70094
63017
65301
76063
63006
73069
76112
70130
63144
63143
73110
62226
63118
70114
63139
76265
76137
76084
76117
73007
63110
62221
76060
65251
76103
73151
73052
63383
63146
63103
73160
63132
76052
70072
77864
76111
76119
63304
70058
62208
93401
93406
93405
93422
93465
93446
93428
93608
93644
95043
93635
95023
95301
95322
93907
95045
93940
93942
93950
95020
95046
80005
80212
80031
80035
80214
80215
80211
80221
80021
80250
80205
80229
80401
80228
80223
80020
80403
80022
80209
80227
80220
80210
80110
80027
80113
80026
80239
80121
80231
80123
80127
80162
80120
80305
80012
80011
80046
80014
80437
80439
80301
80126
80601
80302
80013
80304
80015
80130
80016
80433
80502
80501
80621
80134
80104
80444
80116
80482
80135
80107
80537
80539
80620
80634
80550
80633
80446
80526
80546
80527
80524
80615
80443
80908
80918
80831
80907
80904
80905
80910
80612
80701
80461
80911
80864
82007
81631
81212
82009
81215
80477
82073
81001
81025
80751
80759
81625
82217
69162
81641
82240
69129
82301
82215
69140
81052
67735
69301
82633
82637
82901
82601
69337
69001
84078
69101
82935
67654
68850
57752
67905
68822
67801
67663
67601
69201
57754
68845
67550
57580
67530
67544
68901
68803
68801
79101
79065
79118
67124
79045
68763
68818
67579
66901
67467
57501
68467
67502
73717
67460
67068
68601
67432
67410
68767
68434
68701
73644
57066
79041
66514
67204
66531
67219
67201
67278
66548
79313
67208
73601
68502
68542
68516
68510
68506
68526
68507
67017
57301
68066
66502
66505
68301
73703
67133
79336
66549
68025
79407
68003
79410
79499
79464
79411
79404
79424
67074
57069
67156
57350
68028
79322
68022
67132
68067
73521
68116
68130
73053
73762
68138
68137
68010
68144
73015
68154
68164
68127
68046
68008
74604
68114
68134
66801
51103
73028
68106
68104
73077
68123
51001
68305
68108
68005
51501
79373
66860
51503
66436
73044
73085
79356
66614
73132
57042
66604
68355
73120
57101
73122
76384
73083
73003
73064
73116
73112
73114
66434
73013
66409
73089
73106
73189
73153
73538
66088
73129
73139
73502
73065
51601
73010
66783
51566
66047
57006
66046
56156
73572
51442
51201
66067
51632
73533
66092
64468
79550
76305
66048
64504
66043
64503
66012
64485
76308
76302
64439
50588
66226
76377
66072
66109
66061
66051
66083
66219
64153
66215
51401
64152
66203
66104
66214
66102
66213
66212
64151
50568
66202
66225
66201
66205
79720
56172
64492
64155
66206
64105
64089
64111
64116
79705
66224
66053
64114
51301
64109
79512
64131
79711
79710
50540
64137
79764
64129
79706
64030
51351
64134
64012
64068
64138
64052
64133
50801
64051
64083
64060
50579
56175
64057
64064
64063
50216
50854
56256
50129
64014
76255
56143
64029
56101
51334
58402
58401
76450
64075
50217
76230
64644
50273
64085
50220
79606
50069
79510
64040
50263
64067
58072
50036
50160
50229
50511
06019
06085
06013
06034
06070
06107
06002
06062
06010
06106
06011
06111
06051
06786
06095
06035
06108
06489
06037
06790
06098
06118
06067
06137
06096
06088
06074
06033
06444
06042
06759
06045
06040
06451
06779
06450
06795
01034
01077
06083
06721
06708
06457
06021
06082
06751
06712
06066
06043
06796
06029
06770
06492
01085
06424
06422
06084
06518
06524
06441
06777
01104
06238
01021
06488
06473
06472
06438
06483
01020
01050
06069
06517
06776
06525
06268
06279
06419
06471
06482
06511
06505
06250
06249
06226
06512
06405
06440
06470
06516
06468
01069
01230
06413
06812
06498
06801
06811
01007
01238
06813
06611
12563
06475
12529
06371
06614
06615
06612
01010
12585
06610
01002
12531
06432
06382
06259
06281
01550
10509
06351
06877
06374
06365
06387
12578
06890
06339
06897
12533
12523
10590
06880
06241
06838
01515
06340
12603
06277
06851
12538
12580
01225
01570
10541
12590
10526
06355
06850
06840
11964
12524
12534
11958
01068
01301
01376
11778
10579
02825
06907
06820
10506
06379
01501
12401
12508
01516
11933
06905
06906
10549
11901
02814
02815
06902
10517
12472
02891
11790
02830
11953
12550
02898
10567
12451
11784
01468
06831
01606
11968
12553
12518
06830
11768
11980
01569
01534
10594
10520
10562
11738
11942
01519
10510
11962
11787
11975
02816
11763
11972
12525
10595
02822
11977
11940
11731
11779
02813
10573
11740
12577
11967
12586
11741
02893
01564
01440
11743
10602
02919
02895
12404
10523
02896
11772
11951
10992
11722
02920
11746
10989
02818
11771
12543
01757
10960
12446
11782
02910
02886
02019
02879
02852
10502
10970
11747
02880
02903
12052
02940
12224
12220
12201
02888
02905
12209
11729
10538
01748
11791
11751
12054
12566
11706
02906
10950
02863
01453
12204
12180
10954
12206
02862
10710
12067
02887
11718
11703
11803
02915
02916
12211
10552
11704
01749
11050
10550
02771
10704
03469
11568
10901
11735
01462
10924
11576
12205
10702
07624
12047
10470
07656
11590
11757
02703
02762
10464
11030
11756
07675
11701
01702
11726
10469
01701
07642
07458
10471
11023
02885
03452
10940
02809
11021
07628
11758
07670
12721
02842
10465
11783
07676
10462
11793
02769
11040
12085
01776
01719
07401
10460
11362
02052
11360
07463
07631
01760
10040
07661
11357
10990
02777
10033
05262
11364
07653
01778
02048
07432
11358
11354
12309
12303
07481
02878
11520
02724
11355
11365
07456
10031
11510
07020
07650
10035
02482
07608
02181
07506
07436
11367
11105
11580
07010
02720
12308
07421
10029
12306
07644
10025
07407
11102
02062
05250
12775
07504
07508
10128
07604
07465
11375
11518
10028
11415
11377
10024
10075
10021
02780
01886
11379
10023
07420
11101
07093
11598
11420
11558
10019
07442
07480
07055
10017
11385
10036
11417
02021
05359
02026
07470
10016
02453
11561
10001
07457
07094
07013
07087
07403
10010
07462
07015
11208
10011
02768
11211
10003
12729
10009
12122
07444
07424
10002
10014
07071
11691
03047
07030
03055
07474
07307
12071
10013
02420
10150
07110
02131
10007
07405
10038
07043
07035
11238
10280
01879
02135
11202
11201
11217
02322
07302
11225
07109
03063
02302
02301
02130
07003
02368
07303
01862
11231
11215
03602
02474
12871
07304
02747
11226
07042
12020
12771
07438
07006
11234
02324
01854
07461
07007
07305
07045
07017
07419
02116
11229
01888
02145
02155
02740
02184
07052
12866
02185
11223
02169
11228
03070
02113
11235
11209
01876
07005
12092
02743
11214
07002
03076
07079
03603
02148
02719
07039
10301
03244
07936
02176
07054
03281
07205
01880
10302
02770
07834
02152
12010
03110
12831
12166
07866
07041
12833
07871
01810
10314
03045
02359
05156
07940
02330
01844
02045
07036
18337
03102
07826
03103
01908
07016
01904
07960
10308
03079
02738
07092
07803
03105
03038
07860
07091
01960
07869
10312
07090
13753
12839
01937
03041
07874
12025
02332
10309
03743
07067
07023
02066
12822
07077
07852
07922
01970
07095
03811
07876
07716
01945
03773
12804
02331
07945
10307
01830
08861
07060
01915
08862
12078
02574
07836
07063
07828
07080
07920
07748
07730
07059
03873
05037
07701
05062
07757
02568
01985
08859
08817
01860
07977
03301
07747
08846
02345
08872
01938
07724
08904
07853
07755
07979
18428
07840
13820
08903
07825
08857
13326
08873
08807
07712
08816
13452
01952
18431
08869
03224
05701
08884
03258
07753
08876
01930
12885
03874
07726
08844
19701
19702
19713
19720
19711
19709
19808
19804
21921
08070
19805
19707
19801
19350
19899
21915
19850
08079
08069
21901
19734
19803
19810
19317
19703
19363
19375
21904
19362
19013
19094
19063
19380
19320
19029
19076
19335
21034
19064
08061
19073
19355
19008
08071
19026
08090
19301
19050
08312
19343
19903
08096
19082
08080
19904
19901
21620
19143
19425
08093
21009
19087
08344
19148
08322
19146
19131
08012
19072
19147
19934
19460
08031
19442
08078
19102
19130
08094
19106
08360
21640
19406
19123
19456
08106
08332
19428
19128
08361
19122
08081
19475
08021
19125
08108
21132
19140
19401
19134
21047
19119
08109
08026
08043
08034
08002
21162
19468
21084
08003
21128
21220
19422
19465
19464
08052
19149
17604
17608
08004
21661
21660
17603
19111
08077
08053
19518
19046
21236
19002
08057
19025
17601
19508
19001
08054
19115
19114
19438
19454
21234
08075
19006
21206
08055
19512
21222
21658
19606
21214
19535
18915
21224
21284
08046
19612
18964
08217
19608
17512
18974
21093
18976
19020
19053
18914
19504
19565
18966
08060
21203
17545
21211
17552
18954
21209
21619
17406
21230
08234
19047
19560
18925
18901
18944
21666
08215
21208
08230
08518
17402
08210
18940
21207
19030
08242
17360
17329
18951
17064
19539
17083
21228
21401
21136
21108
17022
19067
19968
21133
08243
21601
17311
19530
08232
21632
21403
17067
18938
08226
08505
21144
21075
17408
18036
18062
21041
08015
08201
08628
17046
08650
18049
21043
08618
18950
08609
21163
19947
08638
08231
21037
08530
19526
19973
08620
08406
19534
20794
21042
21045
08619
18051
18103
08401
08534
18104
08690
21157
17319
17026
21044
21784
17331
18015
21158
19529
20725
20715
08825
20718
18052
18002
17339
08551
18032
18078
21737
08550
08759
17963
08540
21613
20777
08848
21797
08520
08050
20768
17960
08822
17112
18053
08558
20770
08555
08536
08867
17103
08528
08005
21771
21787
20905
17001
17019
20904
20740
17011
17901
08865
18088
08733
08757
18014
08535
20772
20736
08731
08734
08809
08502
08514
17055
20732
08755
08527
17325
20712
20902
08831
21762
08889
20918
20915
08741
20882
20012
17007
08808
20895
20855
08886
18063
18214
08753
20639
21770
20002
20880
20003
20852
18240
07731
07728
21804
20814
20026
20008
20898
18229
20827
07882
08723
08751
21754
20749
20871
20007
20678
20676
20854
20875
18013
20878
17013
20874
07823
17851
22201
21788
22210
08742
22204
22313
22314
21701
21703
22206
17015
22101
21811
22205
21705
17872
22315
22304
22041
22102
22046
22307
20657
22306
22308
18330
22312
20637
20604
22027
22182
22116
21853
22309
18360
17241
18321
20190
20194
20636
21769
20165
18301
17237
22152
17062
17268
20619
20634
22038
17257
22032
20153
22030
22153
18610
20172
18603
17801
18370
17815
22033
22039
20640
20178
21779
20650
20152
20151
22195
20197
17201
17202
20122
17889
22191
21742
18326
21740
17225
22193
18325
18424
20112
18702
17837
20110
20108
20132
22026
21795
18704
17814
17886
23337
20118
20136
20169
20155
25414
22443
25438
18643
18445
17777
18612
20135
17044
22485
17009
25430
25405
22554
20119
22556
22555
22728
22408
22712
22406
22407
20144
22724
22714
20106
22553
22627
22701
22630
22655
22603
22601
22567
22514
22610
22960
22657
23015
22473
22604
23117
23009
26808
22664
22824
23005
23086
25411
22968
23093
23116
23111
23060
25434
23228
23227
23149
22974
23233
23230
23226
23255
23261
23220
23150
23063
22901
22963
23225
22905
23231
23224
23235
23140
21530
22801
22802
23139
23061
23237
23128
23112
23022
23832
23030
21502
23188
23418
23860
23834
23420
23185
22920
23040
23805
22952
24401
24477
23083
16652
26807
23846
16673
24402
23601
22922
23666
23669
23431
23430
21520
16602
15501
23314
15904
23898
16801
23511
24521
16803
23954
23518
23487
23435
23938
23504
23455
23843
23502
23701
26537
24465
23837
23434
24574
23451
24450
23450
23464
15687
23454
26241
23851
23453
23320
15610
26250
24502
16878
24588
15650
15666
15401
24551
23322
26531
15478
26416
24445
26354
17702
26504
26508
26501
26505
17701
15697
15701
15601
16830
15698
24954
27870
26201
27976
24523
27986
26554
15626
15618
15012
27958
15642
23927
27910
24426
15615
15767
26431
15613
26301
15131
15690
32004
32082
32250
32266
32224
32216
32258
32207
32259
32226
32241
32204
32067
32205
32073
32210
32095
32085
32043
32084
32034
32086
32035
32068
32033
32234
31548
32091
32040
32666
32137
32147
32110
32112
32609
32176
32174
32601
31525
32653
32614
32615
32606
32607
32608
32024
32056
32643
31305
34488
32127
32669
32124
34471
32696
32168
34474
34480
32763
32784
32132
32668
32738
32621
32725
34491
32735
32764
32747
34788
32772
32771
32778
32773
32746
32626
34748
32750
32791
32779
32719
32704
34433
32701
32762
32707
32703
32765
33538
34450
34453
32810
34451
34449
32792
32794
32789
32818
34428
32804
32826
34761
32803
32807
34755
32825
32853
32861
32878
32856
34787
32781
32835
34429
34712
34736
31411
32833
32812
34786
32839
32709
31406
32819
33597
31405
31410
31404
31416
34601
34603
34611
34614
32926
32923
34613
34604
32952
34770
34769
33523
34609
29925
34772
34606
29910
29927
34610
32940
33542
29909
33544
32937
32934
33809
33851
33881
34639
34654
33805
34638
34668
32904
33884
32941
29936
34653
33647
34656
32910
33813
32905
33592
33556
33567
33613
34690
33637
32950
33830
33617
33618
33625
33604
34689
29438
34685
33688
33626
34684
33511
33615
34683
34677
33607
33685
34695
33578
33629
33547
33569
33759
33755
33766
33765
32958
29487
33572
33775
33782
33825
33773
32967
33778
29449
33781
33777
33598
33774
33570
33772
33713
33732
33873
33712
33707
33870
32968
29412
33876
29414
29422
29416
34219
34250
29405
34221
29466
29464
34202
29485
34208
33852
34205
34211
34209
34972
29456
34251
34982
34243
34237
34983
34266
34276
34232
34236
34241
29461
34231
29059
34990
34275
34292
34997
34286
33952
33938
34956
29431
34293
33982
33980
34223
33478
33458
33975
33440
33477
33920
33917
33903
33909
29440
33916
33470
33972
33936
33906
33911
33990
33901
33971
33991
33411
33913
33914
33409
33919
33421
29168
29585
33414
33480
33405
33956
29150
33461
29153
33454
33460
33931
33462
29040
29576
34136
34135
29588
33446
33496
34112
29078
33431
33433
33429
33427
33067
34108
34102
33076
29577
29020
33441
34104
29528
33064
33063
29572
33069
29032
33062
29501
33351
29503
33309
33334
33322
33325
29582
33346
29598
33324
33317
33304
29568
33339
33307
33318
29532
33301
33348
33332
33312
33315
33328
34145
29566
33029
33026
33024
33021
33027
29574
33019
33082
33008
33179
29565
33160
33014
28469
33162
28463
33017
28462
29721
33141
33122
33127
33137
33182
33140
33144
33234
33266
33153
33238
33134
33155
33133
33173
33143
33186
33176
33149
28472
33158
29707
28173
33032
29715
28111
28352
28358
33030
28110
28103
28277
28134
28135
28278
28226
28106
28270
28080
28650
28214
28210
28658
28613
28201
28202
28216
28206
28205
28105
28610
28104
28212
28269
28213
28227
28031
28079
28075
28115
28117
28166
28010
28626
28027
28625
28677
28081
28025
28697
24212
24230
28640
28097
28660
28124
28634
28144
28145
28146
28001
27028
27055
24656
27292
27293
27295
27012
41501
27103
40476
27104
40475
96824
96744
96816
96746
96768
96745
96740
60033
60097
53128
60098
60051
60050
60152
61065
60039
60014
60142
60042
53120
60013
61008
60102
60084
61073
53190
60135
60030
60136
60124
53511
61114
60010
53185
60011
53182
60060
53547
60031
53545
61103
60048
60121
60120
60061
61126
53149
60195
60067
60177
60178
60085
60078
53548
60096
60064
60107
60088
53144
53141
53140
60168
60192
60173
60090
53534
60103
60006
60115
60005
60015
61088
60174
53405
53146
60172
53403
60119
60056
53549
60157
60134
53187
53186
60035
60062
60009
53129
60143
53536
53402
60185
53154
60139
60510
60026
60191
61010
60018
53220
53227
60025
60190
53029
53072
53219
53523
60542
53045
60189
53214
60187
60555
53005
60137
60053
60554
53215
60148
53207
60181
60091
60631
53213
60506
60077
53234
60126
60164
53208
60563
60567
60171
53201
53237
53094
60162
60630
53202
60538
60202
61061
60515
60645
60712
53218
60659
61039
60153
60625
60559
60639
60565
60517
60545
60564
60543
60618
60521
53575
60304
60640
53223
60526
60534
60490
60560
60585
60552
60622
61032
60612
60610
60607
60611
53097
60606
60601
60586
60608
53086
60544
60680
53703
53744
53701
53590
60616
53704
53719
60441
53718
60491
60446
60453
53593
60615
61021
53039
60805
53024
60435
53925
60462
53532
60432
60431
53597
60436
60643
60433
53916
61342
60452
60448
60421
60423
46394
60450
61071
60442
61341
61053
53004
53555
60438
61350
46324
60411
60475
46321
60416
61301
53963
61320
60408
46311
60444
53578
60417
46319
53954
61074
61028
60468
46375
46403
46405
53533
53901
61356
46410
46342
54935
46368
53588
46308
53913
61379
61335
60914
52732
53044
54941
46356
53020
60901
46361
46360
52054
53083
46383
60954
53949
46384
46385
46391
53952
46347
54923
49127
49085
54901
46350
54904
49022
61254
54960
49128
46372
61540
53014
52001
53964
53581
52060
53813
54982
49090
49406
54956
52722
52807
54220
53948
61265
49453
49120
60945
49424
49460
54915
46366
54984
53934
49441
54913
52804
54914
46619
54911
49456
54130
61530
54140
49443
49444
49047
46531
46660
49448
49442
61614
49045
54944
61528
46545
61517
61603
52726
46544
61601
54981
61611
49079
49031
49010
49455
61761
46996
52310
49427
54115
53821
61704
61755
61701
61536
61401
54665
46517
52772
61554
61568
49449
54304
49468
54302
54628
60942
54303
54660
49009
49509
47960
46507
49504
54467
49534
49431
49548
49515
61754
49006
49412
54494
54623
52761
49514
49501
49525
49503
49508
46526
49003
49024
52253
49505
49001
46540
49093
54173
61520
49454
49349
46975
54656
49306
49083
54653
49301
49032
46567
49319
47920
54466
46580
46581
61727
47906
46947
54101
52408
61821
61801
61802
47904
47903
47996
47909
52404
62656
52405
54416
54603
49660
61856
46761
62633
49037
49015
55947
49014
49016
50644
55921
54153
46994
49017
49347
54449
46970
50641
54615
46764
52206
48849
52601
49307
52101
54476
61455
48846
62526
46992
46725
52349
49677
54456
62693
54403
46755
52353
48888
62525
46041
49036
62675
62521
46901
49340
46903
61953
48875
49076
54616
46902
54143
47933
52361
49082
46936
46703
49858
49635
49224
46750
52208
62702
62705
48827
52627
62681
46793
50703
62703
49617
48822
46845
46952
46825
46808
50659
46899
46867
54452
46953
48917
46721
49601
47842
46806
61944
46815
48911
50677
48820
48909
48906
48908
48858
46172
52556
62341
62568
49643
52632
61938
48847
54451
49266
48854
46074
49202
46989
62650
46714
49651
46766
52339
46060
62565
50669
46957
46112
46135
49272
46268
46280
46122
45813
47348
54610
46260
43506
49686
49684
50616
49685
54755
47834
47803
54520
46038
48895
48625
48848
47802
46733
46214
46011
46224
46220
54701
46015
49285
46168
46231
46205
62694
46120
49240
46226
62428
46235
46241
46228
46221
46247
47304
47868
46201
47303
54501
46203
47308
55903
48836
52577
50158
50625
55901
47456
54736
46158
46217
43512
46227
62301
46239
48641
47371
48158
62363
62401
45891
46142
50472
48651
49221
46140
43567
46163
55041
62049
46143
50627
46259
49236
48843
48844
46151
47340
47427
49615
49829
46130
54751
48602
47882
47362
50219
47438
48473
62480
48433
48604
63401
48116
50401
50126
55912
49659
48103
62454
47394
46131
62009
43532
45822
54848
49738
48634
48430
48105
48706
48108
48504
47352
48707
54749
47390
47441
63336
48734
55066
48503
47404
50054
46176
48458
50138
48178
47408
62052
48197
48439
45875
48131
43571
48661
48506
62246
45885
48442
50428
47401
49935
45807
48509
48190
48658
46173
47448
50201
43566
62858
43615
43623
45805
48374
48423
43537
48390
48170
43613
48111
48386
48382
54552
48112
45865
43606
50035
55060
48375
48393
56007
48387
49712
62035
48462
43551
45895
43609
50248
48327
48324
43697
43620
48335
43602
43402
47374
55009
62839
62439
48440
54022
47353
47240
45320
47006
47203
45309
47202
47201
45383
45315
45325
47037
45373
45053
45365
45327
45013
45377
45417
45405
45011
45061
47265
45042
45005
45014
45403
45252
45419
45041
45050
45429
47274
45431
45240
45432
45247
43072
45069
45231
45246
45305
45224
45211
45036
45223
43331
45216
45238
45370
45249
45039
45229
45236
45201
45222
45212
45387
45502
45254
47260
45206
45385
45506
45209
45208
43078
41011
45503
45227
45140
41071
41022
41042
47250
45162
41015
47421
45230
47170
45255
45122
43044
45177
43326
45103
41001
45102
47167
41086
45157
47162
45176
45146
45840
45106
40070
47111
45133
47454
41097
47553
43162
47172
43064
43160
40031
43316
40359
41040
43351
40059
43026
45171
45121
47129
47150
47130
47512
43017
47501
47131
43228
43065
40222
43015
40206
40245
40224
40252
40268
43221
43204
40243
43123
40205
43212
40208
43035
43214
40299
40269
40218
43215
40065
43229
44883
43224
45697
43203
47547
43086
43082
43219
40219
43209
44820
43619
43074
40601
41031
43103
40272
43213
43125
47567
40129
43338
40071
43004
43113
43054
45693
43068
40324
43110
43420
47135
40165
45601
43011
43062
40342
47660
43112
40383
40361
45690
40511
40504
40522
40591
40508
40505
48162
47670
47637
44904
43452
43130
43023
40502
44906
43050
44907
40515
47520
43056
43055
44822
40356
47611
43076
40391
40392
45662
40353
44864
47635
43748
44805
48174
45640
48183
47630
48184
45651
48138
47715
47710
62844
48185
40351
47724
45698
48192
43764
42302
48136
42303
48101
40313
48150
48151
48153
42301
48127
48154
48218
48121
48126
40380
62837
44074
43702
43701
50125
50320
50317
50314
50313
50265
50325
50131
50023
50010
50249
64683
63501
50542
64628
65270
65340
65248
56031
56013
65255
65233
56098
65202
65205
65203
64093
56093
56081
63361
56001
55021
63349
56050
55053
56073
55057
56071
55054
63366
55024
63376
55044
55372
63301
55033
63303
56283
55379
55123
55318
63044
55437
63042
55438
63043
55431
55077
55016
55076
55121
63074
55344
55439
55075
55419
55417
55331
55375
55345
55367
55125
55107
55105
55407
55416
55104
55350
55391
55119
55403
55101
55106
55458
55108
55447
62040
55411
55363
55128
54016
55328
55422
55113
55418
55109
55446
55421
55428
55430
55429
55340
62062
55127
55110
55432
62234
55443
55111
55369
55311
55321
62294
55341
55433
55434
55038
54017
55449
55313
55448
62269
62249
55303
55025
56201
55330
55362
55092
62230
55079
55012
55398
62231
54812
55371
56302
56303
56215
56379
62803
62801
62853
62889
62869
40316
41256
41102
41101
41105
41653
41230
25704
41224
42420
25705
25676
47620
25508
45769
45776
25177
45701
45743
45761
25241
25312
25314
25364
43756
26101
45750
25802
25840
25813
24613
43812
24318
24701
26170
43725
24740
26362
26623
43755
25951
25979
43793
26175
24382
44691
24134
26155
44663
70092
70364
70363
77590
77521
77522
77562
77565
77563
77328
77539
77058
77573
77574
77062
77345
77346
77598
77517
77015
77504
77339
77549
77546
77365
77325
77017
77396
77338
77075
77512
77511
77061
77581
77588
77577
77026
77032
77003
77584
77219
77254
77205
77242
77223
77208
77277
77248
77292
77235
77259
77009
77373
77004
77002
77393
77076
77006
77007
77387
77019
77383
77008
77386
77098
77385
77018
77005
77025
77301
77305
77306
77380
77402
77401
77053
77384
77583
77057
77035
77055
77304
77382
77074
77379
77391
77024
77515
77489
77036
77043
77042
77070
77459
77566
77477
77072
77375
77099
77079
77377
77077
77496
77479
77478
77095
77082
77316
77487
77084
77498
77355
77433
77094
77354
77450
77494
77471
77491
77484
77441
77482
77445
77868
77485
77488
77845
78933
77437
77842
77844
77808
77801
77834
77833
77803
77465
78944
77879
77859
77475
77957
76567
78957
77903
76577
76706
78602
76702
77905
76655
78621
77954
76505
76574
76645
78358
03820
03839
03906
04027
03835
03904
03909
04090
03856
03852
04043
03885
03870
03261
04046
04048
04093
03864
03247
04074
04038
04098
04106
04102
03235
04104
04103
04105
04021
04037
04032
03818
04011
04258
04086
04210
04530
04579
04271
04220
05088
05001
03765
03561
03774
04364
03583
04332
04330
05906
02657
05819
05061
04864
05679
04861
05763
05651
05602
04843
02638
02631
04973
02632
05673
05680
04976
05753
05855
05461
05491
05456
04416
05495
05451
05482
05453
05445
02554
12993
05446
04605
05478
12972
12941
12901
04493
12983
12915
13365
13407
04619
13479
13413
13492
13676
13343
13440
13662
13838
58078
58203
58103
58102
58109
56561
56560
58075
56510
56716
56537
56531
56701
56501
56573
56308
56334
56482
56438
56601
56466
56345
56358
56472
56431
55704
54830
18436
18510
18505
18509
18447
18508
18407
18411
18470
79734
79830
79832
76904
76905
76834
76801
76463
76442
76849
76426
76401
76073
76086
76856
78842
76234
76023
76048
76049
76108
76179
76126
76044
76132
76133
76110
76121
76124
76161
76036
76140
76097
76028
76031
76033
78028
76550
78624
78609
76634
76009
76636
78657
76522
78654
78801
78013
78003
27101
27045
27284
27361
27019
27265
27052
27310
27409
27410
27350
27407
27358
27030
27408
27049
27455
27417
27404
27429
27401
27317
27405
27204
24053
24171
27377
27298
27323
27288
27355
27244
27215
27216
24112
27349
27344
27258
24091
27302
27379
27312
27516
24151
24084
24141
24068
28374
27517
28327
27331
24073
27330
27332
27705
28326
27712
24531
24060
27713
27573
28394
27574
27715
27709
24087
27572
27704
27703
24014
24016
24121
27502
27509
24012
27512
27518
27511
27539
27612
27616
27615
27603
27501
27619
27624
27602
27627
27675
27565
27529
27587
24090
28301
24983
27545
28302
28371
27525
27596
27591
27520
27536
27504
27577
24901
27576
27589
28337
27893
27533
27804
27803
27534
27802
27801
27852
28580
27886
28466
28478
28425
27835
28590
27858
28574
28451
28457
28401
28408
28411
28540
28405
28403
28546
28409
27889
28555
27983
28460
28563
28539
28532
27980
28594
28570
28571
28557
26426
28516
27909
27906
56623
55719
55720
55792
55763
55807
55802
54880
55616
54843
54891
54806
49938
49953
49930
49866
49862
49854
44217
44273
44646
44626
44282
44281
44718
44050
44256
44720
44705
43907
44721
44685
44652
44615
44044
44302
44333
44312
44304
44313
44212
43950
44310
44657
44210
44036
44001
44260
44035
44028
44221
44136
44039
44017
44133
44224
44052
44625
44240
44201
44070
44130
44141
44142
26041
44145
26003
44134
44126
44135
44131
44012
44266
44111
26030
44241
26059
44087
43952
44109
44125
44202
44105
44113
44412
44432
44128
44139
44101
26062
44490
44431
26056
44118
44422
44451
44121
44124
44231
44072
44406
44119
44040
44132
44515
44513
44512
44509
44482
44507
44437
44095
15301
44420
44471
16115
44024
15347
44046
15126
44061
15001
44060
44473
15370
44410
15330
15108
44077
16103
15106
16105
15136
16146
15102
15220
15216
15226
15015
15129
15233
15332
16063
16142
15212
15237
15236
15222
15203
16154
15116
16033
15044
15206
15208
15218
44041
15147
44047
15076
16001
15146
15144
15239
15084
44004
15068
48216
48214
48230
48202
48211
48212
48225
48221
48080
48021
48089
48030
48091
48220
48090
48066
48070
48088
48034
48071
48093
48092
16201
48336
48073
16323
48025
48312
48009
48012
48083
48036
48311
48046
48043
48301
48318
48313
48085
48001
48098
48323
48044
48042
48317
16301
48315
48320
48047
48051
48307
48341
48328
48309
48039
48095
16426
16254
48359
48054
48360
48363
16441
16506
48348
48362
48062
48065
16509
16508
48079
48371
48005
48041
16510
15825
48060
48049
76549
76540
76543
76513
78605
76537
78642
78626
78627
78641
78664
78613
78717
78645
78691
78660
78727
78759
78734
78731
78752
78703
78766
78711
78755
73301
78708
78715
78735
78736
78702
78620
78704
78741
78745
78744
78652
78606
78747
78610
78676
78612
78640
78623
78667
78133
78644
78004
78006
78163
78132
78260
78131
78255
78648
78063
78232
78023
48446
48461
48419
48471
48723
48731
48765
48742
14787
14781
14048
14733
14047
49746
14304
14057
14222
14203
14217
14150
14075
14120
14223
14219
14220
14226
14224
14227
14221
14051
14140
14779
14094
14095
14108
14032
14004
14067
14001
14042
14760
14167
14011
15840
15857
49791
14021
14411
49721
14739
49781
14895
14843
16946
14437
14830
14435
14414
14901
14903
18817
14845
78156
78155
78629
78154
78148
78109
78247
78239
78217
78218
78231
78216
78209
78140
78101
78249
78220
78222
78240
78204
78223
78250
78251
78254
78221
78227
78114
78245
78264
78073
78050
78052
78064
77963
78119
78016
78061
78102
78468
78460
78415
78414
78045
78574
78504
78595
78550
78572
78597
78578
13421
13815
13601
13830
13122
13730
13104
13142
13214
13029
13078
13206
13211
13041
13210
13217
13778
13088
13219
13159
13027
13031
18465
13069
13077
13045
13901
13126
13905
13903
13068
13021
18848
49783
49726
